camera_matrix:
- - 918.1560329069506
  - 0.0
  - 504.2571672050115
- - 0.0
  - 920.2049666835973
  - 414.439454838821
- - 0.0
  - 0.0
  - 1.0
dist_coeff:
- - 0.19168665830761594
  - -1.6823772785122213
  - 0.016221945283270898
  - 0.009885946420555035
  - 4.253359456070316
